   -6    -2    37
   -5     3    45
   -5     7    49
   -8     9    53
  -11    10    57
  -13    12    60
  -16    13    67
  -18    15    71
  -17    16    73
  -16    16    76
  -17    14    77
  -18    11    75
  -16    11    71
  -15    11    68
  -14    11    67
  -13    10    61
  -17     4    54
  -19     0    51
  -16    -4    48
  -12    -8    45
   -9   -13    42
   -8   -14    40
   -5   -10    40
   -1    -5    40
    3    -2    39
    5     1    34
    4     2    29
    1     1    26
    0     0    25
    0     2    25
   -1     6    22
   -3     6    19
   -6     4    17
   -7     2    15
   -8     1    18
  -10     1    18
  -12    -2    15
  -12    -6    13
  -10    -5    13
   -8    -2    14
    1    -1    14
    7    -2    14
    6    -4    16
    6    -3    18
    7    -1    17
    5    -1    11
    2    -1     9
    1     3    11
    2     8    12
    4     8    10
    4     5     7
    1     0     7
   -2    -2     9
    0     0     9
    5     0     6
    2     0     6
   -2     5    10
   -4     8    10
   -8     7     9
  -11     6     9
   -8     6     9
   -6     7    10
   -6    10     9
   -4     8     5
   -1     4     2
    2    -1     2
    2    -6     3
   -2    -4     6
   -2     5    10
    5    12    12
    6    15    11
    4    14     7
    6    16     7
    9    18     9
    6    19     8
    5    20     3
   12    23     1
   18    25     0
   19    27     1
   18    30     2
   18    31     2
   14    30     0
   10    27     0
    9    24     2
   10    24     6
    9    21     7
    6    17     9
    6    14    12
   10    14    16
   13    12    16
   10     7    11
    8     3     4
    8     4    -2
   10    10    -6
   13    18   -10
   14    25   -13
   12    27   -16
   10    30   -14
   10    33   -11
   13    31    -9
   19    30    -4
   20    25     0
   15    15    -3
    8     7    -3
    1     4     4
   -2     6     9
   -1     7    12
    3     7    14
    6     8    14
    5     9     8
    4     9     1
    5    11    -6
    5    11   -12
    6    11   -14
    8    12   -14
    9    11   -14
    9    11   -10
    9    13    -6
    6    18    -2
    5    23     2
    4    26     6
    3    26     7
    2    26    10
    4    30    16
    6    33    17
    4    31    14
    1    28    13
   -2    23    12
   -3    16    12
   -3     9    12
   -2     2    14
   -1    -3    17
   -1    -5    22
    1    -4    25
    0    -4    24
   -5    -5    25
   -5    -5    27
   -4    -7    27
    0   -10    26
    6   -10    26
   10    -6    21
   14    -3    10
   17     2     2
   21     8    -3
   26     9    -9
   29     8   -13
   27     9   -10
   26    14     0
   23    18     9
   21    17    15
   20    15    20
   19    14    26
   14    11    26
    9     9    28
    6    11    29
    4     9    26
    1     5    23
   -1     5    24
   -3     8    29
   -3    12    30
   -5    12    25
  -11     9    19
  -15     6    15
  -16     3    11
  -15     1     9
  -13    -2     6
  -11    -6     0
   -9    -8    -4
   -4    -7    -8
    1    -7   -14
    2    -9   -22
    1   -11   -28
    1    -9   -33
    3    -7   -41
    3    -7   -48
    2    -3   -50
    2     0   -50
    1     2   -43
    3     6   -32
    4     7   -21
   -2     3   -10
   -7    -1     0
  -10    -4     8
  -13    -9    14
  -16   -12    23
  -17   -10    33
  -17   -11    38
  -19   -14    39
  -21   -18    38
  -23   -19    38
  -23   -20    38
  -22   -22    37
  -24   -23    34
  -25   -23    28
  -23   -22    23
  -19   -23    18
  -17   -25    12
  -15   -25     9
   -8   -23     4
   -2   -23    -6
    1   -25   -16
    4   -25   -23
    8   -20   -26
   11   -13   -26
   14    -5   -29
   17    -1   -40
   15     1   -49
   16     6   -48
   20    12   -44
   19    13   -38
   13    13   -28
    6    12   -16
    2    10    -3
    1     9     7
    1     9    16
    0     9    22
   -1     8    29
   -1     9    34
    1    11    32
    2     9    27
    5     8    23
   10     8    20
   13     9    23
   14    10    26
   14     8    25
   12     1    21
    9    -6    16
    6   -13    10
    6   -18     6
    7   -22     3
    8   -24     0
    8   -24    -6
    9   -22   -11
   11   -16   -15
   15   -11   -19
   17    -7   -24
   18    -4   -31
   18    -3   -38
   19     0   -40
   22     7   -40
   25    13   -43
   28    16   -46
   27    18   -45
   24    20   -45
   22    20   -47
   17    20   -48
   11    17   -48
    4    13   -44
    1    13   -35
    2    17   -24
    1    14   -13
    0    10    -4
    2    10     3
    6     8     9
   11     8    10
   10     9    10
    9     9    12
   11    12    11
   11    16     8
   12    18     3
   14    15    -3
   16    15    -6
   18    16    -4
   21    17    -1
   22    17     4
   24    17     9
   25    17    11
   25    17    11
   27    16    10
   29    16     8
   30    16     5
   30    16     3
   32    16     1
   33    18    -1
   32    20    -3
   34    17    -5
   34    14    -2
   32    16     8
   32    21    23
   34    25    34
   34    25    35
   32    21    33
   29    16    34
   30    15    35
   28    15    35
   25    16    35
   24    20    32
   21    20    29
   17    18    27
   16    19    25
   18    21    19
   18    23    15
   19    27    14
   24    34    13
   27    36    10
   27    38     9
   27    41     7
   30    43     2
   36    44    -1
   40    43    -4
   40    38    -5
   37    33    -3
   35    32     2
   35    32     6
   37    29     7
   36    26    11
   32    23    15
   29    23    20
   29    26    26
   31    29    30
   31    29    32
   29    28    34
   28    26    35
   24    21    33
   20    22    34
   20    28    36
   23    31    36
   27    36    37
   32    40    36
   32    38    31
   28    33    27
   26    32    23
   27    31    17
   25    27    11
   24    27     6
   26    27    -1
   28    24    -9
   31    23   -14
   34    22   -16
   37    21   -18
   38    20   -20
   35    15   -28
   27    11   -35
   26    13   -37
   31    14   -41
   31     8   -45
   25    -1   -45
   20    -7   -39
   17   -12   -29
   13   -15   -18
   10   -16    -8
    3   -19     2
   -4   -19    14
   -5   -16    24
   -5   -14    32
   -4   -13    33
    0   -14    30
    4   -14    30
    9   -12    24
   14    -7    14
   19     2    14
   26    11    15
   32    19    17
   39    24    19
   44    25    16
   41    24    13
   40    26    12
   42    30    10
   38    31     7
   35    31     2
   39    30    -6
   43    26   -15
   46    23   -24
   48    20   -34
   48    18   -43
   48    15   -51
   46    12   -61
   43    12   -68
   42    12   -71
   42     9   -75
   38     2   -77
   33    -4   -77
   29    -6   -73
   25    -9   -70
   19   -12   -66
   14   -19   -63
    5   -28   -63
   -6   -36   -57
  -10   -37   -47
  -11   -37   -43
  -13   -38   -38
  -14   -37   -33
  -16   -33   -23
  -15   -25    -9
  -11   -17    -2
  -10   -10     2
   -8    -3     3
   -3     3     2
   -4     5     2
   -7     5     5
   -8     8    11
   -8     9    19
   -8     7    24
   -7     2    25
   -7    -4    26
  -10    -9    26
  -13   -14    23
  -14   -20    21
  -15   -28    19
  -19   -36    15
  -23   -42    11
  -27   -51     4
  -31   -55     2
  -28   -51     4
  -22   -51    -1
  -21   -53    -8
  -18   -52    -8
  -15   -49    -7
  -15   -49    -8
  -16   -47   -11
  -20   -44    -5
  -24   -39     6
  -25   -31    17
  -24   -23    27
  -23   -16    36
  -25   -15    36
  -28   -16    34
  -31   -16    34
  -30   -16    36
  -27   -14    36
  -27   -17    35
  -28   -19    36
  -23   -15    40
  -19   -14    40
  -19   -17    41
  -18   -18    43
  -14   -20    39
  -11   -23    35
  -10   -29    30
   -4   -32    26
    1   -33    26
    0   -37    22
   -9   -48    14
  -18   -56    12
  -21   -54    17
  -17   -48    19
  -13   -43    18
  -12   -37    20
  -13   -32    23
  -16   -29    22
  -18   -25    25
  -16   -21    28
  -14   -15    30
  -11    -7    35
   -4    -2    35
   -1    -3    28
   -4   -10    22
   -4   -13    22
    2   -11    20
    3   -15    12
   -3   -22     6
   -6   -23     1
   -7   -21    -3
   -4   -17    -8
    0   -17   -15
    1   -19   -22
    2   -21   -29
    2   -24   -34
    3   -29   -36
    3   -32   -38
    3   -35   -36
    2   -37   -31
    1   -36   -25
   -1   -34   -20
   -6   -35   -21
  -12   -37   -20
  -16   -37   -14
  -18   -32    -8
  -17   -22     1
  -15   -14     8
  -16   -12     9
  -16   -11    10
  -12    -6    14
   -7    -5    15
   -7    -8    13
   -7    -7    14
   -6    -7    11
   -9   -10     5
  -11    -9    -1
   -7    -7    -6
   -6    -9   -13
   -6   -12   -17
   -5   -13   -15
   -1   -12   -14
    2   -12   -14
    1   -11   -12
    2    -8   -10
    4    -2    -5
   10     3    -2
   10     4    -3
    6     3    -6
    5     5   -12
    4     8   -17
    4    15   -19
    8    25   -20
    9    31   -21
    5    29   -20
    3    25   -17
    1    21   -11
   -4    14    -5
   -8     8     1
  -11     5     6
  -16     3    10
  -19    -2    11
  -22    -7    12
  -23    -8    16
  -19    -7    21
  -17    -7    24
  -15    -4    26
  -11    -1    25
   -9     0    22
   -8     1    18
   -6     3    12
   -5     5     8
   -4     7     2
   -6     6    -7
   -8     4   -17
   -8     4   -23
   -5     8   -22
    3    16   -18
   12    22   -20
   13    21   -24
   12    18   -25
   13    17   -21
   13    16   -18
   10    13   -15
    7    13    -7
    4    16     3
   -2    15     7
   -7     8     6
  -12     0    11
  -17    -3    21
  -17    -5    24
  -17    -7    24
  -20    -5    27
  -19    -1    24
  -20    -2    20
  -20    -3    19
  -15    -2    21
  -12     2    21
  -10     4    17
  -11     4    12
  -11     5    10
   -5     9     7
   -4    11     3
   -5     9    -4
   -5     3   -17
   -8    -4   -26
  -10    -6   -31
   -9    -9   -37
  -12   -13   -33
  -10   -12   -25
   -5   -11   -23
   -5   -14   -23
   -4   -18   -26
   -3   -25   -35
   -8   -28   -37
  -10   -26   -32
   -5   -18   -27
   -3   -10   -19
   -2    -6   -12
   -2    -2    -4
   -2     3     5
   -3     4     7
   -6     3     9
   -8     7    17
   -6    15    24
   -4    18    26
   -4    18    28
   -3    18    32
    0    19    30
    2    17    25
    1    14    20
    1    16    18
    2    19    13
    2    22     4
    2    24    -7
    7    27   -12
   15    27   -17
   20    21   -18
   23    10   -18
   21    -2   -17
   17    -7   -13
   19    -5    -4
   20    -1     0
   17     2     2
   13     3     6
   11     4     8
   10     2     7
    8     0     4
    7     3     6
    8     8    11
   10    12     9
    8    12     8
    5    11    10
    9    12    11
   10    10    12
    8     9    15
    6     8    17
    6     7    21
    8     7    22
    8     6    20
    7     7    20
   10    10    18
   15    12    11
   17    13     3
   18    12    -2
   21    11    -3
   25    10    -3
   24     6    -8
   20     2   -10
   16     0   -10
   13    -1    -9
    9    -3    -8
    8    -4    -7
    3    -9    -9
   -4   -13   -10
   -6   -10   -12
   -6    -7   -16
   -8    -9   -20
   -8    -9   -23
   -5    -8   -26
   -3    -7   -27
   -5    -5   -24
   -6    -1   -20
   -6    -1   -17
   -7    -2   -13
   -2    -3   -10
    7    -5    -9
   10    -4    -5
    7    -6     1
    3    -7     5
   -2    -6     8
   -7    -4    14
   -5    -2    16
   -2    -2    14
   -4    -3    13
   -3    -4    11
   -3    -6     8
   -5    -8     5
   -4    -9     0
   -3    -9    -3
   -2    -5    -1
   -1     0    -3
   -1     2    -9
   -2     1   -14
   -4     0   -14
   -4     4   -12
    0     9   -16
    2    10   -24
    1    11   -33
   -1    10   -41
   -1     9   -44
    2     7   -44
    2     3   -46
   -1     0   -44
   -4     0   -37
   -5    -1   -30
   -7    -3   -22
   -7    -5   -14
   -8    -4    -3
   -7    -1    10
   -6     1    18
   -6     4    26
   -3    11    34
    0    15    34
   -2    11    29
   -5    10    25
   -6    11    22
   -9     9    21
  -14     9    21
  -16    10    17
  -18    11    10
  -18    14     7
  -13    17     2
   -9    18    -8
   -6    18   -16
   -4    17   -25
   -2    17   -36
    0    12   -46
   -1     3   -53
   -3    -3   -56
   -3    -5   -53
   -1    -8   -49
    1   -10   -48
    3    -9   -45
    5    -6   -37
    8    -3   -29
    7    -3   -22
    6    -5   -17
    3    -6   -13
    1    -4    -6
    3     0     0
    0     4     4
   -3     7     7
   -4     8     8
   -6     9    10
   -7    11    11
   -6    13     9
   -5    15     7
   -6    18     8
   -5    19    10
   -4    21    14
   -3    25    17
   -2    26    18
   -2    25    15
   -4    22    11
   -5    22     9
   -7    22     8
   -7    24     4
   -5    22    -3
   -4    15   -15
   -4     9   -24
   -1     5   -27
    2     0   -30
    3    -3   -34
    3    -3   -34
    2    -2   -34
    2    -3   -34
    3    -3   -29
    3    -1   -20
    3     0   -14
    6     1   -13
    6     4   -10
    7    10    -7
    7    16    -7
    6    20    -6
   10    24    -6
   16    26    -6
   16    24    -6
   14    22    -9
   10    22   -11
   10    26    -8
   13    31    -7
   15    31    -8
   10    28    -9
    2    24    -8
   -2    22    -3
   -4    21     5
   -2    20    11
    0    15     9
    0    10     8
   -1     6     8
   -3     1     5
   -7    -3     3
  -10    -8     2
  -11   -12     6
   -9   -14    10
  -10   -16    11
  -10   -20    14
  -11   -21    17
  -13   -23    20
  -12   -23    21
   -6   -18    20
    1   -15    16
    3   -14    11
   -1   -12    12
   -3    -6    16
    1     1    19
    7     9    21
   13    19    29
   17    25    38
   21    31    48
   24    38    55
   25    41    53
   25    39    50
   26    35    48
   28    33    41
   21    28    33
   11    23    30
   10    24    29
   11    25    29
    8    23    26
    1    16    20
   -5     6    18
   -6    -2    16
   -9    -5    17
  -13    -7    21
  -12   -10    19
  -15   -12    20
  -18   -13    22
  -16   -14    21
  -13   -18    20
  -13   -25    18
  -14   -32    15
  -21   -41     8
  -26   -46     0
  -24   -47    -4
  -17   -43    -3
  -14   -42    -7
  -17   -47   -17
  -22   -46   -23
  -22   -44   -26
  -20   -43   -27
  -16   -39   -28
  -11   -35   -34
  -12   -35   -37
  -12   -31   -33
   -7   -25   -29
   -1   -22   -28
    2   -20   -22
    4   -14   -14
    7    -8    -8
    8    -4    -2
    8    -2     5
    9    -2     7
    9    -7     8
    8    -7    11
    6    -3    14
    0    -1    14
   -4    -3    11
   -2    -5    10
   -1    -2     9
   -2    -1     4
   -5     0     2
   -7     2     1
  -14     0     0
  -14    -1    -3
  -10     2    -4
  -11     3    -5
  -13     2   -11
  -15     3   -14
  -19     4   -10
  -16     6    -7
   -9     5   -13
   -7     1   -19
  -12    -4   -17
  -21    -6   -11
  -26    -8    -3
  -20    -8     5
  -18    -8    10
  -19    -6    12
  -16    -7     9
  -15   -10    12
  -13    -8    22
  -12    -7    27
  -14   -11    30
  -15   -16    32
  -20   -24    36
  -24   -24    43
  -23   -23    42
  -23   -24    40
  -20   -20    41
  -15   -18    34
  -20   -21    24
  -22   -20    21
  -16   -15    24
  -13   -11    26
  -14    -7    27
  -17    -6    26
  -19    -8    23
  -18    -7    19
  -17    -4    17
  -16     2    17
  -14     4    15
  -15     3     8
  -18     3     4
  -15     8     1
  -13    11    -3
  -13    12    -9
  -11    13   -11
   -9    12    -8
  -11    12    -8
  -17     7   -10
  -19     3    -9
  -16     5    -6
  -15     4    -5
  -14     4    -7
  -10     6   -10
   -5     6   -12
   -6     4   -14
  -12    -1   -14
  -13    -8   -11
   -9    -9    -2
   -6   -11     5
   -9   -15    12
  -13   -16    19
  -14   -18    19
  -15   -18    15
  -15   -20    10
  -15   -23     5
  -13   -23     2
   -5   -15    -1
   -2    -7     0
   -1     0     1
    7     6     1
   14     6     0
   17     2     0
   17    -1    -2
   15    -2    -2
   10     0    -1
    8     2    -5
    5    -3   -10
    2    -7   -10
    5    -7   -12
   10    -6   -17
   11    -6   -22
   12    -5   -22
   16    -2   -21
   20    -1   -22
   20    -2   -18
   20    -4   -11
   23    -4    -3
   27    -2     6
   26    -5    10
   21   -10    13
   17   -12    19
   15   -10    21
   15    -8    18
   13    -9    11
    9   -11     9
    8    -8     8
   10    -2     8
   13     2     9
   17     6     7
   20     9     6
   24    13     7
   24    17     6
   22    19     5
   23    20     4
   22    17     3
   20    15     3
   21    16     3
   20    15     4
   17    12     4
   15    11     3
   17    12     2
   22    13     4
   27    15     6
   28    12     3
   25     7     0
   23     5     2
   23     6     3
   23     6     2
   21     1     1
   19    -1     2
   15    -2     1
   12    -5    -5
   11    -5    -8
   12    -2   -10
   12     4   -10
   14    10    -6
   20    15    -4
   25    19    -7
   27    23    -8
   29    30    -7
   29    34   -10
   29    35   -12
   29    36   -13
   31    39   -17
   33    39   -22
   34    35   -23
   37    34   -20
   40    35   -18
   38    29   -17
   34    22   -13
   31    18    -4
   27    14     3
   22     9     6
   20     7     7
   22     4     4
   23     1     0
   22     5     0
   20    10    -1
   16     9    -8
   12     5   -14
   10     3   -22
   10    -1   -31
   11    -3   -36
   10    -3   -40
    6    -5   -44
    0    -5   -43
    1    -2   -36
    3     3   -26
    4     7   -17
    3     7    -8
    0     7     1
    0     7     8
    0     8    12
   -1     9    12
   -1    10     7
    1    13     3
    2    17     3
    6    20     1
    7    20    -2
    5    17    -2
    5    14     0
    3    12     1
    2    10    -1
   -1     5    -1
   -6     1     1
   -8    -1     4
  -11    -4     7
  -13    -7    10
  -15    -9    14
  -18    -8    16
  -17    -3    18
  -15     0    16
  -14    -1    13
  -10     1    12
