   45    19    23
   44    19    20
   42    17    20
   42    16    21
   47    19    23
   51    23    25
   52    22    23
   49    19    22
   45    21    24
   43    25    23
   41    25    20
   38    24    15
   34    24    11
   34    25    10
   38    26    11
   44    25    13
   48    23    13
   49    21    16
   50    20    22
   54    22    27
   58    25    32
   61    25    34
   59    24    31
   58    23    30
   61    24    26
   63    25    22
   63    25    22
   63    27    23
   62    27    21
   61    27    17
   60    29    14
   61    30    10
   60    29     8
   57    28    10
   56    28    16
   56    25    19
   54    19    18
   49    15    19
   47    13    21
   48    15    24
   50    17    24
   49    17    21
   46    16    19
   43    16    19
   44    17    21
   47    19    26
   49    21    29
   49    22    30
   48    24    32
   49    27    36
   48    31    38
   49    33    36
   51    33    33
   54    32    30
   57    32    27
   56    31    23
   53    26    22
   53    22    23
   53    21    28
   51    21    35
   48    19    39
   46    15    39
   45    14    41
   43    14    45
   44    16    46
   48    17    45
   50    17    41
   50    14    35
   48    12    30
   47    13    26
   45    16    24
   44    18    20
   41    17    18
   39    17    22
   41    19    28
   45    21    32
   46    20    33
   41    19    34
   37    20    35
   35    21    35
   37    23    36
   40    25    37
   42    25    42
   44    28    49
   46    32    52
   47    33    51
   47    35    50
   46    37    46
   46    39    44
   49    42    45
   50    42    45
   47    41    44
   41    38    41
   35    34    37
   32    31    33
   30    27    24
   27    22    14
   24    20     3
   22    20    -6
   23    24   -11
   29    26   -11
   32    27    -8
   32    26    -2
   32    24     4
   34    23    12
   33    23    20
   31    22    25
   31    21    29
   32    21    33
   35    23    37
   35    24    37
   32    20    31
   27    16    25
   22    13    23
   19    13    23
   18    14    21
   20    14    16
   21    13    11
   22    11     7
   26    10     5
   29     9     0
   29     5   -12
   28     2   -24
   29     2   -32
   30     7   -36
   33    11   -35
   36    12   -30
   33     9   -20
   30     7    -5
   30     6    10
   27     5    21
   22     5    28
   19     6    31
   17     7    33
   18    10    37
   23    14    40
   27    16    39
   26    13    36
   26    11    34
   26    11    28
   22    10    19
   17    10    15
   14    13    13
   12    14     8
   11    14     2
   13    12    -2
   18     8   -12
   20     1   -23
   19    -5   -30
   18    -6   -33
   17    -6   -36
   13   -11   -39
    6   -16   -32
    2   -15   -17
   -2   -14    -6
   -4   -14     5
   -1   -10    15
   -2    -5    21
   -5    -2    25
   -3     0    31
   -2     3    35
   -5     3    34
   -5     3    30
   -5     3    27
   -8     4    23
  -10     3    17
   -9    -1    11
  -10    -5     5
  -11   -11    -3
  -10   -15    -9
  -11   -16   -13
  -12   -15   -17
  -13   -13   -26
  -11    -9   -33
   -6    -5   -35
   -4    -3   -34
   -7    -8   -29
  -12   -13   -17
  -17   -16    -2
  -18   -17    10
  -17   -16    18
  -18   -16    18
  -19   -17    18
  -21   -16    20
  -20   -11    21
  -20    -7    18
  -19    -5    13
  -19    -3     8
  -20    -2     3
  -19     0     0
  -19     0    -4
  -19    -1    -9
  -21    -1   -15
  -21     0   -21
  -19     1   -29
  -18     1   -38
  -18    -1   -50
  -20    -3   -61
  -21    -3   -69
  -16    -3   -73
   -9    -2   -72
   -6    -4   -64
   -7    -7   -48
  -10    -8   -30
  -14   -10   -15
  -19   -15    -2
  -24   -21     5
  -28   -26    10
  -29   -28    15
  -28   -28    19
  -26   -27    20
  -25   -25    17
  -24   -23    11
  -23   -19     8
  -21   -13     5
  -20    -9    -2
  -22    -9   -10
  -25    -7   -15
  -26    -5   -20
  -23    -4   -26
  -22    -2   -35
  -19    -3   -46
  -17    -5   -55
  -19    -5   -54
  -22    -4   -44
  -21    -3   -33
  -25    -4   -23
  -31    -8   -14
  -37   -12    -3
  -40   -13     8
  -40   -12    16
  -38   -14    18
  -37   -14    18
  -37   -13    21
  -34    -9    22
  -33    -6    20
  -34    -7    14
  -38   -10     7
  -39   -13     0
  -38   -15    -7
  -38   -17   -10
  -38   -20   -12
  -39   -22   -16
  -38   -23   -23
  -35   -23   -31
  -30   -22   -39
  -28   -23   -48
  -31   -25   -50
  -34   -24   -44
  -34   -20   -32
  -34   -16   -17
  -40   -14    -6
  -44   -14     2
  -36   -14     9
  -24   -13    18
  -20   -12    25
  -18   -11    29
  -15   -11    32
  -16   -10    34
  -17    -8    35
  -16    -7    31
  -14    -8    23
  -15    -9    16
  -18    -5    14
  -18     0    11
  -15     4     6
  -13     6     4
  -17     7    -1
  -19     7    -5
  -17    10    -7
  -15    14    -6
  -15    14    -7
  -18    10    -7
  -24     6    -3
  -25     4     4
  -22     1     8
  -21    -5    10
  -23    -9    15
  -26    -9    22
  -25    -9    26
  -23   -10    28
  -23   -10    27
  -23   -10    26
  -21    -8    25
  -19    -4    25
  -14     1    22
  -10     1    15
   -9    -2     9
   -9    -4     4
  -10    -3    -2
   -9    -3    -9
   -7    -6   -16
   -5    -9   -22
   -5   -10   -28
   -3   -12   -32
   -1   -15   -31
   -1   -18   -26
   -4   -21   -15
   -5   -23    -2
   -7   -21    11
  -12   -18    22
  -15   -16    25
  -17   -15    22
  -19   -12    19
  -19    -7    19
  -16    -2    18
  -14    -1    12
  -15    -2     7
  -14    -2     4
  -10     0     0
  -10     2    -5
  -12     2   -11
  -15    -1   -17
  -16    -6   -22
  -18   -11   -26
  -19   -16   -30
  -22   -22   -34
  -25   -28   -41
  -28   -32   -45
  -31   -33   -43
  -31   -32   -38
  -29   -33   -30
  -29   -32   -16
  -29   -29     3
  -26   -24    15
  -22   -23    22
  -18   -22    25
  -18   -20    26
  -17   -16    27
  -15   -11    27
  -14    -7    26
  -14    -5    22
  -14    -6    16
  -14    -7    11
  -13    -7     6
  -13    -8    -1
  -13    -9    -9
  -14   -10   -20
  -16   -13   -30
  -13   -13   -34
  -12   -15   -38
  -14   -22   -46
  -20   -32   -51
  -24   -36   -50
  -26   -37   -46
  -30   -38   -40
  -35   -38   -29
  -38   -34   -13
  -40   -31     3
  -39   -27    16
  -36   -20    26
  -35   -16    29
  -33   -14    28
  -30    -7    32
  -27     3    35
  -26    11    33
  -26    13    28
  -28    14    22
  -30    15    12
  -28    16    -1
  -25    14   -13
  -24    12   -23
  -24    11   -31
  -23    10   -35
  -20    10   -34
  -17     8   -35
  -18     2   -40
  -22    -6   -43
  -24   -13   -43
  -23   -19   -40
  -22   -23   -34
  -22   -24   -26
  -24   -26   -15
  -25   -27    -1
  -26   -27    12
  -25   -24    21
  -25   -22    22
  -26   -22    18
  -27   -18    15
  -24   -10    12
  -18    -1     7
  -14     4    -1
  -12     6   -12
   -9     6   -24
   -4     6   -40
   -3     2   -56
   -6    -4   -68
  -10   -10   -75
  -11   -11   -76
  -12   -11   -76
  -13   -12   -76
  -13   -16   -76
  -19   -19   -73
  -25   -22   -63
  -25   -23   -47
  -24   -23   -33
  -23   -25   -21
  -23   -25   -10
  -25   -23     2
  -25   -20    11
  -28   -16    21
  -32   -13    28
  -32   -12    31
  -33   -12    33
  -31   -10    33
  -24    -6    31
  -19    -5    23
  -20    -6    15
  -20    -6     8
  -17    -4     2
  -15    -5    -7
  -17    -8   -16
  -21   -10   -24
  -27   -12   -31
  -30   -15   -37
  -32   -17   -43
  -33   -21   -49
  -33   -24   -51
  -33   -26   -49
  -31   -26   -42
  -29   -25   -29
  -28   -25   -15
  -29   -26    -3
  -32   -27     9
  -35   -24    21
  -36   -22    29
  -38   -22    28
  -38   -21    24
  -33   -18    23
  -26   -14    22
  -22   -10    17
  -18   -10     8
  -16   -12    -1
  -16   -14    -9
  -16   -16   -18
  -15   -20   -27
  -16   -26   -34
  -19   -31   -39
  -19   -34   -41
  -17   -34   -41
  -16   -35   -40
  -17   -38   -43
  -21   -42   -43
  -25   -44   -36
  -25   -42   -26
  -25   -41   -15
  -26   -41    -2
  -27   -42    10
  -29   -42    21
  -29   -39    33
  -25   -32    41
  -23   -28    44
  -20   -26    46
  -18   -20    45
  -15   -14    40
  -12   -11    31
  -14   -11    21
  -18   -10    11
  -20    -9     1
  -19    -7    -9
  -16    -7   -18
  -14    -6   -24
  -12    -5   -27
  -13    -4   -26
  -13    -4   -24
  -12    -5   -19
  -11    -7   -17
  -12   -11   -17
  -15   -14   -14
  -16   -15    -8
  -18   -13    -1
  -22   -10     3
  -25    -9     4
  -27    -7     9
  -24     0    13
  -17     6    15
  -11     9    15
   -8     8    14
   -8     9    12
   -6    12    11
   -5    13     5
   -7    11    -3
   -9    10    -9
   -8    11   -12
   -3    14   -14
    2    16   -16
    6    15   -20
    7    12   -23
    6    10   -22
    6    10   -20
    5     8   -20
    3     4   -22
    2    -1   -25
    0    -5   -22
    0    -5   -18
    1    -4   -14
    0    -6    -9
   -2    -6    -2
   -2    -5     5
   -1    -3    10
   -1    -3    14
   -1    -3    15
   -1     0    13
    1     3    12
    7     8    11
   13    13     5
   18    16    -4
   20    17   -13
   20    17   -21
   20    18   -26
   17    19   -30
   12    15   -33
    6    10   -34
    4     7   -31
    6     6   -27
   12     6   -23
   16     5   -22
   18     2   -20
   19     1   -17
   18     0   -13
   15    -3    -7
   10    -7    -3
    5   -12    -2
    1   -14     3
   -1   -11     8
    0    -8    11
    2    -5     8
    4    -1     6
    5     4     5
    7     9     2
   11    14    -5
   11    15   -13
    8    18   -19
    4    22   -24
    4    27   -27
    7    30   -29
    9    30   -30
   10    25   -30
   11    21   -28
   13    17   -26
   13    15   -25
   11    12   -25
    8     9   -24
    5     7   -18
    4     7   -10
    2     5    -1
    1     2     7
    0     0    13
    0    -1    18
    2     2    21
    4     6    21
    4     9    17
    3    11    10
    2    14     8
    0    21     7
   -3    26     3
   -1    25    -6
    2    21   -15
    3    21   -18
    7    24   -21
   11    22   -28
   11    13   -35
    8     7   -38
    5     8   -38
    6    10   -36
   10    13   -34
   14    14   -34
   16    13   -34
   17    11   -30
   20     9   -23
   21     8   -14
   18     7    -5
   13     6     6
    9     6    20
    9     9    34
    9     9    41
    9     4    40
    8     0    35
    9    -1    33
   14     0    29
   18     4    25
   22     8    22
   24     9    11
   24     4    -3
   25     1   -14
   26     1   -20
   25    -1   -29
   22    -4   -36
   22    -6   -38
   25    -7   -37
   24    -9   -36
   21   -11   -36
   16   -15   -36
   10   -20   -32
    7   -22   -25
    7   -23   -18
    8   -24    -9
    8   -24     0
    7   -24    11
    7   -20    22
    7   -16    31
    6   -12    37
    4    -9    37
    2    -8    34
    1    -5    33
    0     0    31
   -2     5    27
   -2     6    18
    7     7     9
   18    12     2
   26    18    -4
   31    21   -10
   30    25   -13
   25    30   -13
   24    33   -15
   30    34   -18
   32    32   -21
   30    31   -22
   28    28   -22
   31    26   -21
   34    21   -19
   34    11   -13
   31     3    -3
   28    -3    11
   26    -7    22
   23   -11    29
   22   -14    31
   22   -15    31
   22   -14    31
   21   -10    30
   21    -6    28
   22    -6    24
   23    -5    18
   20    -2    15
   18     1    13
   19     6    11
   18     7     4
   18     3    -5
   23    -4   -10
   29    -6   -11
   34    -6    -9
   37    -5    -6
   34    -4    -3
   32    -2     2
   33     0     8
   33     2    13
   30     3    17
   30     6    24
   32    12    30
   34    17    32
   36    18    32
   37    17    33
   37    15    35
   36    14    39
   35    16    44
   35    19    46
   35    21    47
   34    26    46
   33    32    46
   34    38    47
   37    42    47
   38    44    44
   35    43    39
   33    43    33
   35    45    29
   39    48    25
   41    48    19
   40    47    16
   39    45    15
   38    42    12
   37    37    11
   35    30    12
   33    25    16
   33    23    22
   33    26    28
   32    31    34
   34    33    35
   33    33    36
   30    35    42
   31    38    48
   35    40    48
   35    39    44
   33    36    40
   30    32    36
   27    28    32
   23    26    30
   21    25    26
   19    25    20
   18    25    17
   22    28    13
   27    30     7
   27    29     0
   24    28    -3
   22    30     2
   22    33     9
   21    32    14
   19    28    18
   14    24    20
   11    21    22
   11    20    24
   11    19    26
   10    17    26
    8    14    26
    6    12    29
    6    13    33
   10    16    37
   13    18    39
   13    18    37
   10    16    33
    7    17    34
    8    21    36
   12    25    35
   12    25    31
   12    25    25
   14    26    17
   16    24     7
   19    20    -1
   22    18    -4
   23    17    -1
   25    18     5
   26    18    10
   20    12    13
   12     6    19
    8     5    28
    9     6    33
    8     6    31
    7     4    29
    6     2    25
    5    -2    22
    4    -4    22
    5    -6    20
    6    -9    16
    4   -11    13
    3   -10    11
    4    -8     8
    4    -9     2
    4    -9    -5
    3    -7   -10
    5    -4   -13
    9     1   -15
   13     6   -16
   15    10   -18
   14    12   -20
   11    14   -18
    9    17   -11
    6    18    -1
    3    16     8
   -1    11    17
   -4     8    27
   -4     8    35
   -3     7    35
   -6     5    31
   -6     5    28
   -6     5    25
   -4     8    24
    0    13    21
    2    15    15
   -1    15    11
   -4    15    11
   -5    16    14
   -3    17    13
    1    13     8
    4     8     3
    6     6    -1
    6     4    -7
    4     2   -14
    0    -3   -22
   -6    -7   -28
   -9   -12   -27
  -10   -13   -19
  -12   -14    -6
  -12   -15     4
   -9   -17     9
   -5   -18    12
    1   -17    15
    3   -16    15
   -1   -18    11
   -7   -21     5
  -11   -22     0
  -10   -17    -2
   -5   -10    -1
    0    -4     0
    0     2    -1
   -3     5    -1
   -2     7     1
    1     8     2
    1     9     2
    0    11     1
    2    16     2
    7    22     0
   10    27    -5
   11    30   -10
    9    31   -14
    4    31   -13
    2    32    -8
    6    31    -2
   11    29     6
   12    28    15
   13    27    23
   13    26    29
    9    23    31
    3    17    29
   -2    12    26
   -4     8    24
   -5     8    21
   -5    10    18
   -5    12    13
   -5    12     6
   -5    12     1
   -4    13    -2
   -3    13    -5
   -3     9    -7
   -3     4    -9
   -1     2   -10
    2     4   -12
    3     6   -17
    3     6   -23
    0     5   -27
   -3     4   -28
   -6     3   -23
   -7     1   -16
   -8    -4   -10
  -11   -11    -3
  -18   -17     1
  -23   -19     4
  -25   -20     4
  -26   -24     0
  -26   -26    -6
  -27   -25    -8
  -23   -21    -7
  -17   -16    -5
  -15   -12    -3
  -12    -7     0
   -8    -3     6
   -5    -3    11
   -4    -4    12
   -7    -7     9
   -9   -10     3
   -9   -12    -2
   -7   -11    -6
   -4    -8   -12
   -2    -7   -22
   -2    -8   -30
   -2    -7   -34
   -2    -5   -32
   -3    -3   -25
   -4    -1   -17
   -8     0   -10
  -10     1    -3
   -8     5     2
   -5     6     5
   -5     7     6
   -6     8     9
   -5     9    14
   -3    11    17
   -2    12    18
   -2    12    18
   -6    13    18
   -6    14    15
    0    15    11
    6    15     7
    9    13     0
    9    10    -4
    6    11    -8
    6    12   -15
    6    12   -22
    5     9   -29
    3     7   -36
    3     4   -39
    3     4   -36
    2     3   -29
    2     0   -20
    0    -4    -9
   -2    -6     2
   -2    -6    11
   -3    -7    15
   -5   -10    14
   -5   -12    12
   -7   -12    14
   -9    -8    17
   -7    -1    18
   -4     2    15
   -2     3    10
    0     5     8
    6     8     7
   10     9     4
   12     8     1
    9     6    -3
    6     2    -7
    4     0    -9
    1     0   -13
   -3    -1   -21
   -7    -2   -25
   -8     1   -22
   -5     6   -17
   -2     9   -11
    0     9    -3
    2    10     6
    5    12    14
   10    15    21
   16    17    25
   19    18    25
   18    16    24
   14    14    24
   12    13    24
   13    11    23
   14     7    19
   13     2    15
   12     0    13
   11     2    10
   10     3     5
   11     4    -1
   12     6    -7
   15     9   -13
   19    14   -19
   22    19   -28
   22    18   -40
   20    14   -49
   17    11   -50
   17    10   -41
   18    11   -28
   19     9   -13
   18     6     1
   18     4    15
   19     2    25
   15    -1    32
   10    -4    37
    6    -5    40
    3    -7    43
    5    -7    46
    8    -4    47
    9    -4    46
    7    -7    40
    3    -9    36
    0   -10    31
   -2   -13    21
   -7   -18     9
  -12   -22    -1
  -15   -24    -9
  -15   -26   -15
  -14   -28   -20
  -13   -29   -24
  -14   -30   -25
  -12   -27   -22
   -6   -19   -16
    0    -9    -8
    9    -2     3
   15     2    14
   18     6    27
   21    10    38
   23    11    44
   22     7    44
   19     2    43
   18    -2    44
   20    -5    44
   21   -11    43
   20   -17    41
   20   -20    38
   23   -20    37
   26   -18    33
   28   -15    28
   30   -10    22
   32    -4    17
   33     3    12
   35    10     5
   39    17    -2
   43    25    -9
   41    28   -18
   41    27   -21
   43    30   -13
   42    33    -2
   38    30     8
   32    25    20
   28    24    35
   28    28    47
   29    32    52
   30    33    53
   29    34    50
   29    35    48
   30    37    46
   32    37    43
   32    33    38
   30    30    32
   25    26    26
   21    24    22
   18    24    19
   19    23    15
   20    23     9
   20    22     2
   21    23    -6
   23    25   -14
   23    27   -22
   23    28   -28
   24    29   -28
   28    30   -18
   30    29    -3
   30    25    13
   30    24    29
   31    24    42
   28    24    51
